 Done! 

ans =

  scalar structure containing the fields:

    X =

      -1.5899e-01   4.2398e-01
      -3.4793e-01   4.7076e-01
      -5.0461e-01   3.5380e-01
      -5.9677e-01   1.1403e-01
      -5.1843e-01  -1.7252e-01
      -2.9263e-01  -2.0760e-01
      -1.5899e-01  -4.3860e-02
      -5.7604e-02   1.4328e-01
      -7.1429e-02   2.7193e-01
      -2.9724e-01   3.4795e-01
      -4.1705e-01   2.0175e-01
      -3.4332e-01   1.6082e-01
      -3.8479e-01  -9.0643e-02
      -3.9170e-02  -2.1930e-01
       9.4470e-02  -3.2456e-01
       2.0737e-02  -1.9591e-01
       1.3134e-01  -4.2983e-01
       8.5253e-02  -8.4795e-02
      -1.3134e-01  -2.3684e-01
       2.3042e-03  -1.2573e-01
       1.2212e-01  -2.9240e-03
      -3.4793e-01  -3.1287e-01
      -2.2811e-01  -1.2573e-01
      -7.6037e-02   1.4620e-02
       1.1521e-02   1.5497e-01
      -4.1705e-01  -1.6082e-01
      -3.1567e-01  -3.1871e-01
       1.2673e-01  -2.1930e-01
       2.1889e-01  -4.5906e-01
       7.1429e-02  -6.4620e-01
      -1.3134e-01  -6.0526e-01
      -6.6820e-02  -4.8246e-01
       1.3595e-01  -5.1170e-01
       2.6959e-01  -4.0643e-01
       2.9724e-01  -2.9532e-01
       2.7419e-01  -1.7252e-01
       2.5576e-01  -4.9708e-02
       2.2350e-01  -4.9708e-02
       7.1429e-02  -2.1345e-01
      -2.5346e-02  -3.8304e-01
      -2.3042e-03  -5.0585e-01
      -4.8387e-02  -6.4620e-01
      -1.6129e-02  -4.2398e-01
       2.0046e-01  -2.2515e-01
      -3.0184e-01   1.7836e-01
      -2.9724e-01   1.9591e-01
      -2.7419e-01   3.0702e-01
      -1.6820e-01   2.6608e-01
      -3.9170e-02   3.4795e-01
      -1.2673e-01   4.4152e-01
      -2.3272e-01   4.4152e-01
      -5.0922e-01   2.1930e-01
      -5.4148e-01   1.4620e-02
      -2.6959e-01  -8.4795e-02
      -2.2350e-01  -7.8947e-02
      -1.5438e-01  -8.7719e-03
      -1.1290e-01   5.5556e-02
      -8.5253e-02   1.3743e-01
      -1.4055e-01  -4.9708e-02
      -2.9954e-02   6.7252e-02
      -2.0046e-01  -2.3099e-01
      -1.0830e-01  -8.4795e-02
       3.4562e-02   6.7252e-02
      -3.8537e-01   3.3041e-02
      -3.8122e-01   1.3129e-01
      -4.1440e-01  -6.9298e-02
      -4.9942e-01  -3.2456e-02
      -2.9827e-01  -9.7953e-02
      -3.1694e-01  -1.8392e-01
      -3.6878e-01  -2.9035e-01
      -3.5634e-01  -3.9678e-01
      -2.5058e-01   2.2953e-01
      -2.2154e-01   3.7690e-01
      -9.7120e-02   2.1316e-01
      -3.9055e-02   2.5819e-01
       1.9009e-02   4.0146e-01
      -3.7500e-01  -4.3772e-01
      -3.9574e-01  -3.5175e-01
      -3.5426e-01  -2.0848e-01
      -2.4850e-01  -2.5760e-01
      -2.2776e-01  -3.1491e-01
      -2.8376e-01  -3.8450e-01
      -2.9205e-01  -4.5409e-01
      -3.3767e-01  -5.1959e-01
      -2.7753e-01  -5.4825e-01
      -1.6555e-01  -1.7573e-01
      -1.6141e-01  -1.2661e-01
       3.4562e-04   2.5819e-01
       7.9147e-02   3.5643e-01
      -2.6613e-02   1.8041e-01
      -5.3571e-02   7.8070e-02
      -6.3940e-02  -2.9444e-01
      -3.0760e-02  -4.6637e-01
      -5.3571e-02  -3.9678e-01
       5.2189e-02  -4.1725e-01
      -6.3940e-02  -8.5672e-02
      -6.1866e-02  -1.6082e-02
      -3.8018e-03   4.3860e-03
       4.5968e-02   2.5409e-01
       1.1025e-01   8.6257e-02
       1.0818e-01  -6.9298e-02
       1.6624e-01  -2.4269e-02
       1.4136e-01   6.5790e-02
       1.7039e-01   1.9269e-01
       1.2684e-01   3.9327e-01
       6.2558e-02   5.5292e-01
      -1.5311e-01   5.5292e-01
      -1.1164e-01   5.4883e-01
      -2.5265e-01  -1.8801e-01
      -3.2108e-01  -4.3363e-01
      -3.3145e-01  -6.0556e-01
      -3.8537e-01  -5.1550e-01
      -3.9988e-01  -6.2193e-01
      -1.2408e-01  -1.2661e-01
      -3.1694e-01  -2.2895e-01
      -2.9412e-01  -1.3479e-01
      -1.5311e-01   1.8450e-01

    y =

       1
       1
       1
       1
       1
       1
       1
       1
       1
       1
       1
       1
       1
      -1
      -1
      -1
      -1
      -1
       1
       1
       1
      -1
      -1
      -1
      -1
      -1
      -1
      -1
      -1
      -1
      -1
      -1
      -1
      -1
      -1
      -1
      -1
      -1
      -1
      -1
      -1
      -1
      -1
      -1
       1
       1
       1
       1
       1
       1
       1
       1
       1
       1
       1
       1
       1
       1
       1
       1
      -1
      -1
      -1
       1
       1
       1
       1
       1
       1
       1
       1
       1
       1
       1
       1
       1
       1
       1
       1
      -1
      -1
      -1
      -1
      -1
      -1
      -1
      -1
      -1
      -1
      -1
      -1
      -1
      -1
      -1
      -1
      -1
      -1
      -1
      -1
      -1
      -1
      -1
      -1
      -1
      -1
       1
       1
       1
       1
       1
      -1
       1
       1
       1
       1
      -1
      -1

    kernelFunction =

@(x1, x2) gaussianKernel (x1, x2, sigma)

    b =  0.038063
    alphas =

       5.2042e-18
       6.6594e-01
       7.0588e-01
       6.6230e-01
       9.7006e-01
       1.0000e+00
       1.0000e+00
       1.0000e+00
       4.7817e-01
       2.0922e-02
       6.5797e-02
       9.8324e-04
       5.2042e-18
       2.6096e-04
       2.3115e-01
       6.1682e-01
       9.5364e-04
       2.7756e-17
       1.0000e+00
       1.0000e+00
       1.0000e+00
       1.0000e+00
       1.0000e+00
       1.0000e+00
       1.0000e+00
       1.0000e+00
       1.0000e+00
       4.4265e-02
       3.7568e-01
       6.3407e-01
       2.7386e-01
       7.2142e-02
       3.0230e-01
       3.0366e-01
       5.5669e-01
       3.2590e-01
       5.5455e-01
       2.0370e-04
       2.2477e-01
       2.6902e-02
       2.6021e-18
       4.0568e-01
       8.4732e-02
       5.3404e-04
       5.3057e-02
       1.3641e-01
       2.3489e-01
       6.9389e-18
       5.9101e-01
       4.1633e-17
       7.8733e-02
       1.8669e-01
       2.3402e-01
       1.2842e-01
       1.0000e+00
       5.7847e-01
       1.0000e+00
       1.0000e+00
       1.0000e+00
       1.0000e+00
       1.0000e+00
       1.0000e+00
       1.2655e-01
       8.9601e-02
       3.1982e-01
       6.4916e-01
       2.9571e-04
       1.7347e-18
       9.9948e-01
       1.0000e+00
       1.0000e+00
       4.1599e-01
       9.5372e-04
       5.6157e-01
       1.0000e+00
       1.0000e+00
       9.5228e-01
       7.4247e-02
       6.9389e-18
       1.0000e+00
       4.2280e-04
       1.0000e+00
       1.0000e+00
       1.0000e+00
       3.0952e-01
       1.0000e+00
       1.0000e+00
       1.0000e+00
       1.0000e+00
       1.0000e+00
       1.0000e+00
       4.0948e-01
       2.1473e-01
       1.4178e-01
       7.9137e-02
       1.0000e+00
       1.0000e+00
       1.5644e-01
       1.8298e-01
       8.6736e-19
       6.9652e-01
       3.6901e-01
       6.4872e-01
       1.1645e-01
       9.5278e-01
       9.2690e-01
       6.5756e-01
       1.0026e-05
       1.0000e+00
       1.0000e+00
       1.0000e+00
       1.0000e+00
       1.0000e+00
       1.0000e+00
       1.0000e+00
       1.0000e+00
       1.0000e+00

    w =

      -3.8705
       3.6599


